//Maya ASCII 2018 scene
//Name: duck_guido_RIG.orient.0003.ma
//Last modified: Tue, May 01, 2018 01:52:55 PM
//Codeset: 1252
file -rdi 1 -ns "duck_base" -rfn "duck_baseRN" -op "v=0;" -typ "mayaAscii" "/Users/diana/Documents/GuidoNSalvator//assets/duck_base.ma";
file -rdi 1 -ns "fedora" -rfn "fedoraRN" -op "v=0;" -typ "mayaAscii" "/Users/diana/Documents/GuidoNSalvator//assets/fedora.ma";
file -r -ns "duck_base" -dr 1 -rfn "duck_baseRN" -op "v=0;" -typ "mayaAscii" "/Users/diana/Documents/GuidoNSalvator//assets/duck_base.ma";
file -r -ns "fedora" -dr 1 -rfn "fedoraRN" -op "v=0;" -typ "mayaAscii" "/Users/diana/Documents/GuidoNSalvator//assets/fedora.ma";
requires maya "2018";
requires -nodeType "aiOptions" -nodeType "aiAOVDriver" -nodeType "aiAOVFilter" "mtoa" "2.0.1";
requires "stereoCamera" "10.0";
requires "stereoCamera" "10.0";
currentUnit -l centimeter -a degree -t film;
fileInfo "application" "maya";
fileInfo "product" "Maya 2018";
fileInfo "version" "2018";
fileInfo "cutIdentifier" "201706261615-f9658c4cfc";
fileInfo "osv" "Microsoft Windows 8 Enterprise Edition, 64-bit  (Build 9200)\n";
fileInfo "license" "student";
createNode transform -s -n "persp";
	rename -uid "0169E2C8-C447-70B8-0F5D-AE9E5FC72771";
	setAttr ".v" no;
	setAttr ".t" -type "double3" -8.0719392710088247 9.5897548369406778 2.2678302386712188 ;
	setAttr ".r" -type "double3" 288.86164727339929 1021.3999999999196 0 ;
createNode camera -s -n "perspShape" -p "persp";
	rename -uid "6194E4AA-4847-984F-AC64-5DBC2440ABB7";
	setAttr -k off ".v" no;
	setAttr ".fl" 34.999999999999986;
	setAttr ".coi" 5.2962524473700094;
	setAttr ".imn" -type "string" "persp";
	setAttr ".den" -type "string" "persp_depth";
	setAttr ".man" -type "string" "persp_mask";
	setAttr ".tp" -type "double3" 0 9.3215498924255371 2.8049526214599609 ;
	setAttr ".hc" -type "string" "viewSet -p %camera";
createNode transform -s -n "top";
	rename -uid "26A0689A-C049-2164-F162-CFB629E96F4D";
	setAttr ".v" no;
	setAttr ".t" -type "double3" -0.67959750000000008 1000.1004854171753 0.55100950000022197 ;
	setAttr ".r" -type "double3" -89.999999999999986 0 0 ;
createNode camera -s -n "topShape" -p "top";
	rename -uid "B9394D57-BF4E-1B49-EF6D-31B0FA71EE79";
	setAttr -k off ".v" no;
	setAttr ".rnd" no;
	setAttr ".coi" 999.6750680121753;
	setAttr ".ow" 2.4574536842105275;
	setAttr ".imn" -type "string" "top";
	setAttr ".den" -type "string" "top_depth";
	setAttr ".man" -type "string" "top_mask";
	setAttr ".tp" -type "double3" -0.67959750000000008 0.4254174049999998 0.55100950000000004 ;
	setAttr ".hc" -type "string" "viewSet -t %camera";
	setAttr ".o" yes;
createNode transform -s -n "front";
	rename -uid "842D0AB6-B64A-F7A5-F477-FFBC8C43D787";
	setAttr ".v" no;
	setAttr ".t" -type "double3" 0.65714763939445264 0.80218530085094997 1000.1150148323969 ;
createNode camera -s -n "frontShape" -p "front";
	rename -uid "1B26B3EA-0543-6BFD-EEDA-63BCE8491171";
	setAttr -k off ".v" no;
	setAttr ".rnd" no;
	setAttr ".coi" 999.50058574589946;
	setAttr ".ow" 10.014981561273313;
	setAttr ".imn" -type "string" "front";
	setAttr ".den" -type "string" "front_depth";
	setAttr ".man" -type "string" "front_mask";
	setAttr ".tp" -type "double3" 0.05256870000000001 0.42541871543121901 0.61442908649743488 ;
	setAttr ".hc" -type "string" "viewSet -f %camera";
	setAttr ".o" yes;
createNode transform -s -n "side";
	rename -uid "BA736F0E-574E-8D76-9AB0-3AA68E8922D1";
	setAttr ".v" no;
	setAttr ".t" -type "double3" 1000.1536215810787 6.6472660704051458 -0.092777678117692552 ;
	setAttr ".r" -type "double3" 0 89.999999999999986 0 ;
createNode camera -s -n "sideShape" -p "side";
	rename -uid "1FD04EB4-8045-9143-8ACA-3BAD77FB4934";
	setAttr -k off ".v" no;
	setAttr ".rnd" no;
	setAttr ".coi" 1000.2607896183488;
	setAttr ".ow" 19.71748675474203;
	setAttr ".imn" -type "string" "side";
	setAttr ".den" -type "string" "side_depth";
	setAttr ".man" -type "string" "side_mask";
	setAttr ".tp" -type "double3" -0.10716803727004631 5.3045009961176337 1.9949734122302072 ;
	setAttr ".hc" -type "string" "viewSet -s %camera";
	setAttr ".o" yes;
createNode transform -n "GEO";
	rename -uid "33DE636F-44A4-E2FC-532C-8DA39A5B1CE4";
createNode transform -n "duck_base1" -p "GEO";
	rename -uid "1D45F06D-144D-604A-97C9-039F1DB15450";
	setAttr ".rp" -type "double3" -2.6226043701171875e-06 5.0166320838034153 0.48407173156738281 ;
	setAttr ".sp" -type "double3" -2.6226043701171875e-06 5.0166320838034153 0.48407173156738281 ;
createNode transform -n "fedora1" -p "GEO";
	rename -uid "E8A6F2EE-2F44-965A-90E0-88B7FA9AB9DE";
	setAttr ".t" -type "double3" 0 9.6152134751344764 2.4867721959338849 ;
	setAttr ".r" -type "double3" -5.1133439882428675 180 0 ;
	setAttr ".s" -type "double3" 1.1118701185602033 1.1118701185602033 1.1118701185602033 ;
	setAttr ".rp" -type "double3" 5.9604644775390625e-08 0.56480824970640242 -0.064679861068725586 ;
	setAttr ".sp" -type "double3" 5.9604644775390625e-08 0.56480824970640242 -0.064679861068725586 ;
createNode joint -n "root";
	rename -uid "23C9A95D-4EF5-59E5-1A87-A2867B6F262C";
	addAttr -ci true -sn "liw" -ln "lockInfluenceWeights" -min 0 -max 1 -at "bool";
	setAttr ".uoc" 1;
	setAttr ".t" -type "double3" 0.052568655248183591 2.2471876375517685 -0.65973157116790793 ;
	setAttr ".r" -type "double3" 1.3696103913467658e-14 1.9725256048723632e-15 2.337245783010846e-15 ;
	setAttr ".mnrl" -type "double3" -360 -360 -360 ;
	setAttr ".mxrl" -type "double3" 360 360 360 ;
	setAttr ".jo" -type "double3" 83.944641988360814 10.286513218667121 88.914776822794352 ;
	setAttr ".bps" -type "matrix" 0.018635171000353827 0.98375061167217182 -0.17857061470582106 -5.5511151231257827e-17
		 -0.10210719647435611 0.17954034096722471 0.97843721637799508 -1.3877787807814457e-17
		 0.99459883914568026 -1.6671934540034131e-16 0.1037937819431647 1.2325951644078309e-32
		 0.052568655248183577 2.2471876375517685 -0.65973157116790782 0.99999999999999989;
	setAttr ".radi" 0.5;
createNode joint -n "spine1" -p "root";
	rename -uid "094DC3DC-4A8A-0BE4-975F-1692CD15F9B4";
	addAttr -ci true -sn "liw" -ln "lockInfluenceWeights" -min 0 -max 1 -at "bool";
	setAttr ".uoc" 1;
	setAttr ".oc" 1;
	setAttr ".t" -type "double3" 2.4014706605851482e-06 1.0587911840678754e-22 -7.411538288475128e-22 ;
	setAttr -av ".tx";
	setAttr -av ".ty";
	setAttr -av ".tz";
	setAttr ".jo" -type "double3" 179.28893332941203 0.28852705233552817 32.427545299143382 ;
	setAttr ".bps" -type "matrix" -0.044031851640286682 0.92661824458466446 0.37341642283643955 0
		 0.10851153655707269 0.37600349573220004 -0.92024269496214284 0 -0.99311955094799664 -3.2442596096670278e-15 -0.11710489966200886 0
		 0.052568699999999968 2.2471899999999998 -0.65973199999999965 1;
	setAttr ".radi" 0.4;
createNode joint -n "spine2" -p "spine1";
	rename -uid "121E1C84-4A31-2C21-C61C-6DB96A5D1C55";
	addAttr -ci true -sn "liw" -ln "lockInfluenceWeights" -min 0 -max 1 -at "bool";
	setAttr ".uoc" 1;
	setAttr ".oc" 2;
	setAttr ".t" -type "double3" 1.1938789317664042 -2.7755575615628914e-16 -2.6506574712925612e-15 ;
	setAttr -av ".rx";
	setAttr -av ".ry";
	setAttr -av ".rz";
	setAttr ".jo" -type "double3" 5.1714825284613797 7.6054874476999954 -33.548306900738424 ;
	setAttr ".bps" -type "matrix" 0.035626226007700837 0.55950213087706935 0.82806288261488126 0
		 -0.024049534319150679 0.82882891210672549 -0.55898502158377461 0 -0.9990757688581382 1.5459784962689475e-15 0.042983811842596906 0
		 3.5016994135415073e-16 3.3534599999999988 -0.21391799999999939 1;
	setAttr ".radi" 0.5;
createNode joint -n "spine3" -p "spine2";
	rename -uid "2532C217-4B75-1495-E00C-D7A52CC074B1";
	addAttr -ci true -sn "liw" -ln "lockInfluenceWeights" -min 0 -max 1 -at "bool";
	setAttr ".uoc" 1;
	setAttr ".oc" 3;
	setAttr ".t" -type "double3" 1.4755618512226758 -5.1514662874364002e-16 -2.3255057653615781e-17 ;
	setAttr -av ".tx";
	setAttr -av ".ty";
	setAttr -av ".tz";
	setAttr ".dla" yes;
	setAttr ".jo" -type "double3" -5.0245615406712325 -3.8694051888054828 18.470974489824339 ;
	setAttr ".bps" -type "matrix" -0.0413083861971291 0.79146373529517255 0.60981863938584369 0
		 0.053490227294828663 0.6112161284787998 -0.78965412673608837 0 -0.99771359257741721 7.1605744975900734e-16 -0.067583926981669373 0
		 0.052568700000000863 4.1790399999999996 1.0079400000000009 1;
	setAttr ".radi" 0.5;
createNode joint -n "spine4" -p "spine3";
	rename -uid "F78DD330-48D7-C9FC-D04A-DDB17652FF62";
	addAttr -ci true -sn "liw" -ln "lockInfluenceWeights" -min 0 -max 1 -at "bool";
	setAttr ".uoc" 1;
	setAttr ".oc" 4;
	setAttr ".t" -type "double3" 1.2725914720835168 -3.9367729606306581e-16 5.6775595223472868e-17 ;
	setAttr -av ".tx";
	setAttr -av ".ty";
	setAttr -av ".tz";
	setAttr ".dla" yes;
	setAttr ".jo" -type "double3" 13.460216424220707 3.7975319501172189 22.209767583394683 ;
	setAttr ".bps" -type "matrix" 0.048094737986099964 0.96166470139538729 0.26997758845535563 0
		 -0.1686589624923881 0.27422801113329209 -0.94675928951390265 0 -0.98450040657637083 8.8572642859113604e-18 0.17538229514680295 0
		 1.8777400286132086e-15 5.1862500000000047 1.7839899999999995 1;
	setAttr ".radi" 0.5;
createNode joint -n "neck1" -p "spine4";
	rename -uid "4DAACA01-446C-C36C-AA3A-75B7104728F5";
	addAttr -ci true -sn "liw" -ln "lockInfluenceWeights" -min 0 -max 1 -at "bool";
	setAttr ".uoc" 1;
	setAttr ".oc" 5;
	setAttr ".t" -type "double3" 1.093023939857924 -1.5104185571303059e-16 1.4200427382481479e-17 ;
	setAttr -av ".tx";
	setAttr -av ".ty";
	setAttr -av ".tz";
	setAttr ".dla" yes;
	setAttr ".jo" -type "double3" 176.3893222615329 1.7622955447229951 41.898569498162757 ;
	setAttr ".pa" -type "double3" 27.513878387273373 0 0 ;
	setAttr ".bps" -type "matrix" -0.046521848324449465 0.89850229273692639 -0.43649667533093933 0
		 0.095223134157951514 0.43896882571144685 0.89344217763358924 0 0.99436827802862526 -2.0657626918252819e-15 -0.10597984549142474 0
		 0.052568700000003403 6.2373725407414842 2.0790819674068115 1;
	setAttr ".radi" 0.5;
createNode joint -n "neck2" -p "neck1";
	rename -uid "8399FA6D-48F6-628D-DAD6-9884CAA67DC9";
	addAttr -ci true -sn "liw" -ln "lockInfluenceWeights" -min 0 -max 1 -at "bool";
	setAttr ".uoc" 1;
	setAttr ".oc" 6;
	setAttr ".t" -type "double3" 1.1299787496270413 4.2465440875578699e-16 -1.9216221836762238e-15 ;
	setAttr -av ".tx";
	setAttr -av ".ty";
	setAttr -av ".tz";
	setAttr ".dla" yes;
	setAttr ".jo" -type "double3" 173.96193388577046 0.74449627117717987 33.041247431083121 ;
	setAttr ".pa" -type "double3" -41.040000713690105 0 0 ;
	setAttr ".bps" -type "matrix" 4.649058915617843e-15 0.99245567979813587 0.12260392993872524 0
		 -3.0253577421035509e-14 0.12260392993872518 -0.99245567979813554 0 -0.99999999999999978 7.8851038484518969e-16 3.0350721935690211e-14 0
		 1.3183898417423635e-15 7.2526610380253826 1.585849999999998 1;
	setAttr ".radi" 0.5;
createNode joint -n "head" -p "neck2";
	rename -uid "907A36AF-4A22-7B11-E31E-37A230056528";
	addAttr -ci true -sn "liw" -ln "lockInfluenceWeights" -min 0 -max 1 -at "bool";
	setAttr ".uoc" 1;
	setAttr ".oc" 7;
	setAttr ".t" -type "double3" 1.2120329264670895 -1.3615172632703004e-16 1.2944672086325584e-15 ;
	setAttr -av ".tx";
	setAttr -av ".ty";
	setAttr -av ".tz";
	setAttr ".drp" yes;
	setAttr ".jo" -type "double3" 0 0 -11.392638495105732 ;
	setAttr ".pa" -type "double3" -29.16000067399283 0 0 ;
	setAttr ".bps" -type "matrix" 1.0533487704172505e-14 0.94868276605266755 0.3162293620059009 -1.3877787807814457e-17
		 -2.8739142860522509e-14 0.31622936200590085 -0.94868276605266733 -6.9388939039072284e-18
		 -0.99999999999999978 7.8851038484519176e-16 3.0350721935690211e-14 -1.2325951644078309e-32
		 5.6587351159239969e-15 8.4555500000000041 1.7344499999999965 0.99999999999999989;
	setAttr ".radi" 0.5;
createNode joint -n "head_top" -p "head";
	rename -uid "6E92C367-4E55-21C9-5737-DA8A321D4AF0";
	addAttr -ci true -sn "liw" -ln "lockInfluenceWeights" -min 0 -max 1 -at "bool";
	setAttr ".uoc" 1;
	setAttr ".t" -type "double3" 1.8797115999269673 -4.3741186228224244e-16 9.8990260433140202e-16 ;
	setAttr ".dla" yes;
	setAttr ".jo" -type "double3" 71.564954787204357 89.999999999999986 0 ;
	setAttr ".bps" -type "matrix" 0.99999999999999978 -5.7786049485783829e-16 -3.0280504911937919e-14 0
		 7.3824398630281603e-16 0.99999999999999956 -1.9984014443252818e-15 2.7755575615628914e-17
		 3.0595327639290763e-14 2.1649348980190549e-15 1 7.3955709864469857e-32 2.4468751536813787e-14 10.238799999999999 2.3288699999999944 0.99999999999999989;
	setAttr ".radi" 0.1;
createNode joint -n "l_eye" -p "head";
	rename -uid "5CC21CEA-4EE3-0766-F6F8-66A4EC4E2042";
	addAttr -ci true -sn "liw" -ln "lockInfluenceWeights" -min 0 -max 1 -at "bool";
	setAttr ".uoc" 1;
	setAttr ".t" -type "double3" 1.1590364492381964 -0.74660656455878216 -0.50950235283383194 ;
	setAttr ".s" -type "double3" 1.7787348898549025 1.7787348898549025 1.7787348898549025 ;
	setAttr ".mnrl" -type "double3" -360 -360 -360 ;
	setAttr ".mxrl" -type "double3" 360 360 360 ;
	setAttr ".dla" yes;
	setAttr ".jo" -type "double3" 71.564954787204357 89.999999999999986 0 ;
	setAttr ".bps" -type "matrix" 1.7787348898549022 -1.0278606236724595e-15 -5.3860990569286719e-14 0
		 1.27675647831893e-15 1.7787348898549016 -3.9968028886505635e-15 0 5.4420201543231466e-14 3.8857805861880479e-15 1.7787348898549018 0
		 0.50950235283387124 9.3190089870393162 2.8092641377028662 1;
	setAttr ".radi" 0.2;
createNode joint -n "r_eye" -p "head";
	rename -uid "E524E471-4276-82FE-5EBB-3C901257A590";
	addAttr -ci true -sn "liw" -ln "lockInfluenceWeights" -min 0 -max 1 -at "bool";
	setAttr ".uoc" 1;
	setAttr ".t" -type "double3" 1.1590364492381959 -0.74660656455878216 0.50883513805682212 ;
	setAttr ".mnrl" -type "double3" -360 -360 -360 ;
	setAttr ".mxrl" -type "double3" 360 360 360 ;
	setAttr ".dla" yes;
	setAttr ".jo" -type "double3" 71.564954787204357 89.999999999999986 0 ;
	setAttr ".bps" -type "matrix" 0.99999999999999978 -5.7786049485784006e-16 -3.0280504911937919e-14 0
		 7.2858385991025898e-16 0.99999999999999967 -2.1094237467877974e-15 0 3.0595327639290756e-14 2.2204460492503127e-15 1 0
		 -0.50883513805678282 9.3190089870393162 2.8092641377028986 1;
	setAttr ".radi" 0.2;
createNode joint -n "mouth" -p "head";
	rename -uid "805C91A4-428A-C645-44E7-F2BB2CAD9D3D";
	setAttr ".t" -type "double3" 0.75806079315918073 -1.3717214618475697 5.3065858216563626e-14 ;
	setAttr ".bps" -type "matrix" 1.0533487704172505e-14 0.94868276605266755 0.3162293620059009 -1.3877787807814457e-17
		 -2.8739142860522509e-14 0.31622936200590085 -0.94868276605266733 -6.9388939039072284e-18
		 -0.99999999999999978 7.8851038484519176e-16 3.0350721935690211e-14 -1.2325951644078309e-32
		 -5.8375706986354874e-29 8.5261300000000002 3.0038399999999976 0.99999999999999989;
	setAttr ".radi" 0.5;
createNode joint -n "beak_top" -p "mouth";
	rename -uid "2F2F3A89-4785-81C5-944D-3F803266B8C4";
	addAttr -ci true -sn "liw" -ln "lockInfluenceWeights" -min 0 -max 1 -at "bool";
	setAttr ".uoc" 1;
	setAttr ".t" -type "double3" 0.48761219083299134 -1.5820791786929966 -5.2928373748309167e-14 ;
	setAttr ".dla" yes;
	setAttr ".jo" -type "double3" 71.564954787204357 90 0 ;
	setAttr ".bps" -type "matrix" 0.99999999999999978 -5.7786049485784164e-16 -3.0280504911937913e-14 0
		 7.3824398630281958e-16 0.99999999999999956 -2.3314683517128287e-15 0 3.059532763929075e-14 2.2759572004815701e-15 0.99999999999999978 0
		 1.035322302979692e-13 8.7032200000000106 4.9305881350319938 1;
	setAttr ".radi" 0.1;
createNode joint -n "beak_bot" -p "mouth";
	rename -uid "F03B3AFE-4291-CFD2-3DA1-9F9FD708C5E9";
	addAttr -ci true -sn "liw" -ln "lockInfluenceWeights" -min 0 -max 1 -at "bool";
	setAttr ".uoc" 1;
	setAttr ".t" -type "double3" 0.21077784908510178 -1.4741345489358277 -5.3055212680814988e-14 ;
	setAttr ".mnrl" -type "double3" -360 -360 -360 ;
	setAttr ".mxrl" -type "double3" 360 360 360 ;
	setAttr ".dla" yes;
	setAttr ".jo" -type "double3" 71.564954787204357 90 0 ;
	setAttr ".bps" -type "matrix" 0.99999999999999978 -5.7786049485784016e-16 -3.0280504911937919e-14 0
		 7.3824398630281484e-16 0.99999999999999978 -1.9984014443252818e-15 0 3.0595327639290756e-14 2.2204460492503127e-15 0.99999999999999989 0
		 9.7640801959963449e-14 8.4747272923323287 4.7406397778211735 1;
	setAttr ".radi" 0.1;
createNode joint -n "l_breast" -p "spine3";
	rename -uid "65929BC5-4157-729F-E598-FE86A5AEC78B";
	addAttr -ci true -sn "liw" -ln "lockInfluenceWeights" -min 0 -max 1 -at "bool";
	setAttr ".uoc" 1;
	setAttr ".oc" 4;
	setAttr ".t" -type "double3" -0.20323221391062093 -1.5933088403598463 -1.2133781562650825 ;
	setAttr ".dla" yes;
	setAttr ".jo" -type "double3" 147.47853250780386 33.287665740434505 78.399320762057911 ;
	setAttr ".bps" -type "matrix" 0.58444470133327608 0.63353609746629735 -0.50700730200918276 0
		 -0.47855826553334124 0.77371313366594308 0.41515054291491094 -1.1102230246251565e-16
		 0.65529106324836806 5.1061766953508604e-16 0.75537647727925905 -4.1931817866783778e-17
		 1.1863413222004073 3.0443330119701995 2.2241729695030692 0.99999999999999978;
	setAttr ".radi" 0.5;
createNode joint -n "l_shoulder" -p "l_breast";
	rename -uid "CAC7F403-4C3B-82DF-4CEC-839B671ED5BD";
	addAttr -ci true -sn "liw" -ln "lockInfluenceWeights" -min 0 -max 1 -at "bool";
	setAttr ".uoc" 1;
	setAttr ".oc" 5;
	setAttr ".t" -type "double3" 1.659135990743438 3.9803893540237137e-16 1.1834018199534041e-15 ;
	setAttr ".dla" yes;
	setAttr ".jo" -type "double3" 6.954416926844103 -53.026734115646448 -47.992271692735699 ;
	setAttr ".bps" -type "matrix" 0.97263366838322529 -0.090775195977709805 0.21387756058688803 0
		 0.088657040497831352 0.99587140926688311 0.019495265449785415 -5.5511151231257827e-17
		 -0.21476423421406915 -4.4407720550374303e-16 0.97666592225921578 0 2.1560145607817467 4.0954555527116767 1.3829789071699068 1;
	setAttr ".radi" 0.5;
createNode joint -n "l_wing" -p "l_shoulder";
	rename -uid "537A729E-415F-95B7-F41F-FA8B88EEF57A";
	addAttr -ci true -sn "liw" -ln "lockInfluenceWeights" -min 0 -max 1 -at "bool";
	setAttr ".uoc" 1;
	setAttr ".oc" 6;
	setAttr ".t" -type "double3" 3.531284717817833 3.8493243737772255e-16 1.9674438326683829e-16 ;
	setAttr ".dla" yes;
	setAttr ".jo" -type "double3" -17.711048278165407 54.782130772508275 -16.142417016838699 ;
	setAttr ".bps" -type "matrix" 0.70003099021280013 -0.20995694193175826 -0.68255014121773527 -1.1102230246251565e-16
		 0.1503270609437144 0.97771063333414943 -0.14657316334636672 0 0.6981105839977727 0 0.71598995279981925 0
		 5.5906609699785266 3.7749024903986701 2.138241468354543 1;
	setAttr ".radi" 0.5;
createNode joint -n "l_finger1" -p "l_wing";
	rename -uid "94C077BE-48C1-B9B2-76D0-6BAF9BA22771";
	addAttr -ci true -sn "liw" -ln "lockInfluenceWeights" -min 0 -max 1 -at "bool";
	setAttr ".uoc" 1;
	setAttr ".oc" 7;
	setAttr ".t" -type "double3" 2.9258396859667068 -7.2778886512779117e-16 2.9194623778560455e-17 ;
	setAttr ".dla" yes;
	setAttr ".jo" -type "double3" 1.1105444528328302e-15 -44.275611766438502 12.119828944779213 ;
	setAttr ".bps" -type "matrix" 0.99999999999999956 9.4368957093138306e-16 8.1878948066105295e-16 0
		 -8.4634039411582053e-16 0.99999999999999944 6.4822381663846599e-16 -2.8554874404772178e-17
		 -5.5470267017021373e-16 -6.9786890549400012e-16 0.99999999999999911 1.7718278957786834e-18
		 7.6388394225497054 3.1606021373505224 0.14120917751751241 0.99999999999999956;
	setAttr ".radi" 0.5;
createNode joint -n "l_finger2" -p "l_wing";
	rename -uid "DB40F676-4172-A1A1-E969-8B9AAF7D4729";
	addAttr -ci true -sn "liw" -ln "lockInfluenceWeights" -min 0 -max 1 -at "bool";
	setAttr ".uoc" 1;
	setAttr ".oc" 7;
	setAttr ".t" -type "double3" 3.3764206361333624 -0.012891997833175652 -0.68891760153437753 ;
	setAttr ".dla" yes;
	setAttr ".jo" -type "double3" 1.1105444528328302e-15 -44.275611766438502 12.119828944779213 ;
	setAttr ".bps" -type "matrix" 0.99999999999999967 9.4368957093138306e-16 8.4654505627668186e-16 0
		 -8.4634039411582092e-16 0.99999999999999944 6.4328108858467879e-16 -2.8554874404772215e-17
		 -5.5470267017021373e-16 -6.9805885827557309e-16 0.99999999999999911 1.7718278957786711e-18
		 7.4713813659884316 3.0533948955944079 -0.65770337375006049 0.99999999999999967;
	setAttr ".radi" 0.5;
createNode joint -n "l_finger3" -p "l_wing";
	rename -uid "992A951B-4800-236E-C327-39AA5504AF51";
	addAttr -ci true -sn "liw" -ln "lockInfluenceWeights" -min 0 -max 1 -at "bool";
	setAttr ".uoc" 1;
	setAttr ".oc" 7;
	setAttr ".t" -type "double3" 2.9311997687311471 0.083294266197247904 -1.3887120774909771 ;
	setAttr ".dla" yes;
	setAttr ".jo" -type "double3" 1.1105444528328302e-15 -44.275611766438502 12.119828944779213 ;
	setAttr ".bps" -type "matrix" 0.99999999999999967 8.8817841970012523e-16 8.3266726846886741e-16 0
		 -8.4634039411582083e-16 0.99999999999999911 6.4931355060021828e-16 -2.8554874404772252e-17
		 -5.5470267017021393e-16 -6.9772660591486706e-16 0.99999999999999922 1.7718278957786465e-18
		 6.6856384294038325 3.2409144405216148 -0.86896194663074355 1.0000000000000004;
	setAttr ".radi" 0.5;
createNode joint -n "r_breast" -p "spine3";
	rename -uid "96DE3C58-4686-A95C-DFC4-C282969D4FEB";
	addAttr -ci true -sn "liw" -ln "lockInfluenceWeights" -min 0 -max 1 -at "bool";
	setAttr ".uoc" 1;
	setAttr ".oc" 4;
	setAttr ".t" -type "double3" -0.10956793597871894 -1.7145996371691734 1.0489788433159142 ;
	setAttr ".dla" yes;
	setAttr ".jo" -type "double3" -140.01288053013204 -38.124724943337391 74.03410107175506 ;
	setAttr ".bps" -type "matrix" -0.58444644542408053 0.6335380663503527 -0.50700283127040957 0
		 0.47856217806690909 0.7737115214891499 0.41514903738151876 -1.1102230246251565e-16
		 0.65528665037143263 1.5318592562808687e-15 -0.75538030543891399 4.1932030372333179e-17
		 -1.0812000000000013 3.0443300000000035 2.2241700000000013 0.99999999999999978;
	setAttr ".radi" 0.5;
createNode joint -n "r_shoulder" -p "r_breast";
	rename -uid "46FAB8C3-4E11-DCC5-88C8-10A084E1880C";
	addAttr -ci true -sn "liw" -ln "lockInfluenceWeights" -min 0 -max 1 -at "bool";
	setAttr ".uoc" 1;
	setAttr ".oc" 5;
	setAttr ".t" -type "double3" 1.6591426085180248 6.9200987930679193e-16 -5.3117809654858546e-16 ;
	setAttr ".dla" yes;
	setAttr ".jo" -type "double3" -6.9544893663886871 53.026370325460903 -47.992548281935328 ;
	setAttr ".bps" -type "matrix" -0.97263354781878009 -0.090777318755032227 0.21387720789532402 3.4694469519536142e-18
		 -0.088659119978577228 0.99587121577021465 0.019495692985297186 -5.5511151231257827e-17
		 -0.21476392178873205 4.4407771896816459e-16 -0.97666599096002293 -1.355396338165202e-17
		 -2.0508799999999985 4.0954599999999957 1.3829799999999908 1;
	setAttr ".radi" 0.5;
createNode joint -n "r_wing" -p "r_shoulder";
	rename -uid "375C15FC-4ABD-9FB3-F4F3-7DAAA06DE335";
	addAttr -ci true -sn "liw" -ln "lockInfluenceWeights" -min 0 -max 1 -at "bool";
	setAttr ".uoc" 1;
	setAttr ".oc" 6;
	setAttr ".t" -type "double3" 3.53127856601543 -7.0946093997862791e-16 -1.260265283942157e-15 ;
	setAttr ".dla" yes;
	setAttr ".jo" -type "double3" 16.663856237889533 -53.302216520646432 -15.26324328111547 ;
	setAttr ".bps" -type "matrix" -0.71898739416136415 -0.2090041081608103 -0.66285323398845575 8.3266726846886741e-17
		 -0.15366504817552973 0.97791476252887388 -0.14166781637798931 -1.1102230246251565e-16
		 0.67782311852448807 9.2439419526399196e-16 -0.73522501317197975 -4.0813186895193296e-17
		 -5.4855200000000028 3.7749000000000006 2.1382399999999766 1;
	setAttr ".radi" 0.5;
createNode joint -n "r_finger1" -p "r_wing";
	rename -uid "F48B2DBC-497A-F906-38F6-F58F518E4991";
	setAttr ".t" -type "double3" 2.562952014835461 -3.3123873613521817 0.49887945366200093 ;
	setAttr ".bps" -type "matrix" -0.71898739416136415 -0.2090041081608103 -0.66285323398845575 8.3266726846886741e-17
		 -0.15366504817552973 0.97791476252887388 -0.14166781637798931 -1.1102230246251565e-16
		 0.67782311852448807 9.2439419526399196e-16 -0.73522501317197975 -4.0813186895193296e-17
		 -6.4810999999999996 1.7763568394002505e-15 0.54184900000000136 1.0000000000000007;
	setAttr ".radi" 0.5;
createNode joint -n "r_finger1_tip" -p "r_finger1";
	rename -uid "AAC16D4F-42A6-0895-48C9-89AA499FD609";
	addAttr -ci true -sn "liw" -ln "lockInfluenceWeights" -min 0 -max 1 -at "bool";
	setAttr ".uoc" 1;
	setAttr ".oc" 7;
	setAttr ".dla" yes;
	setAttr ".jo" -type "double3" -9.6046251724703042e-16 -42.673767156355837 -167.93600316851646 ;
	setAttr ".bps" -type "matrix" 0.99999999999999978 -1.0547118733938987e-15 5.422745585903499e-15 0
		 -1.1104276867860182e-15 -1 -2.1709519282967286e-15 2.8554874404772227e-17 5.1621282223646126e-15 1.9228846289705244e-15 -0.99999999999999989 -1.7718278957787081e-18
		 -7.5987509796202435 3.1606000000000005 0.18999723471515453 0.99999999999999978;
	setAttr ".radi" 0.5;
createNode parentConstraint -n "r_finger1_parentConstraint1" -p "r_finger1_tip";
	rename -uid "496FE2E5-472B-E6FC-848A-CDA6E08EA45D";
	addAttr -dcb 0 -ci true -k true -sn "w0" -ln "nurbsCircle1W0" -dv 1 -min 0 -at "double";
	setAttr -k on ".nds";
	setAttr -k off ".v";
	setAttr -k off ".tx";
	setAttr -k off ".ty";
	setAttr -k off ".tz";
	setAttr -k off ".rx";
	setAttr -k off ".ry";
	setAttr -k off ".rz";
	setAttr -k off ".sx";
	setAttr -k off ".sy";
	setAttr -k off ".sz";
	setAttr ".erp" yes;
	setAttr ".lr" -type "double3" -5.0888874903416111e-14 -3.0533324942049761e-13 -5.5262137590428457e-14 ;
	setAttr ".rst" -type "double3" 2.9391766765050642 -8.8817841970012523e-16 -8.8817841970012523e-16 ;
	setAttr ".rsrr" -type "double3" -5.0888874903416111e-14 -3.0533324942049761e-13 
		-5.5262137590428457e-14 ;
	setAttr -k on ".w0";
createNode joint -n "r_finger2" -p "r_wing";
	rename -uid "11AD3D5E-475B-1FBA-D780-7385B14829CC";
	setAttr ".t" -type "double3" 3.5117904063282817 -3.1095975790506429 2.1767870274289258 ;
	setAttr ".bps" -type "matrix" -0.71898739416136415 -0.2090041081608103 -0.66285323398845575 8.3266726846886741e-17
		 -0.15366504817552973 0.97791476252887388 -0.14166781637798931 -1.1102230246251565e-16
		 0.67782311852448807 9.2439419526399196e-16 -0.73522501317197975 -4.0813186895193296e-17
		 -6.0571399999999995 4.4408920985006262e-16 -1.3494599999999983 1.0000000000000004;
	setAttr ".radi" 0.5;
createNode joint -n "r_finger2_tip" -p "r_finger2";
	rename -uid "B1453F2F-4F17-CB37-4D6D-E393305F7214";
	addAttr -ci true -sn "liw" -ln "lockInfluenceWeights" -min 0 -max 1 -at "bool";
	setAttr ".uoc" 1;
	setAttr ".oc" 7;
	setAttr ".t" -type "double3" -0.16443204270377887 3.087204675952012 -1.4538521533429298 ;
	setAttr ".dla" yes;
	setAttr ".jo" -type "double3" -9.6046251724703042e-16 -42.673767156355837 -167.93600316851646 ;
	setAttr ".bps" -type "matrix" 0.99999999999999989 -1.1657341758564144e-15 5.4539706084710815e-15 0
		 -1.1104276867860182e-15 -1 -2.1660091845015654e-15 2.8554874404772252e-17 5.162128222364615e-15 1.92307458663923e-15 -1 -1.7718278957788067e-18
		 -7.3987654898101169 3.0533900000000029 -0.60891476528484489 0.99999999999999989;
	setAttr ".radi" 0.5;
createNode joint -n "r_finger3" -p "r_wing";
	rename -uid "E7874F4E-4E6A-AE85-1EE2-258677135365";
	setAttr ".t" -type "double3" 2.9143701117864618 -3.2372807889195534 3.4652233004696762 ;
	setAttr ".bps" -type "matrix" -0.71898739416136415 -0.2090041081608103 -0.66285323398845575 8.3266726846886741e-17
		 -0.15366504817552973 0.97791476252887388 -0.14166781637798931 -1.1102230246251565e-16
		 0.67782311852448807 9.2439419526399196e-16 -0.73522501317197975 -4.0813186895193296e-17
		 -4.7346499999999994 2.6645352591003757e-15 -1.8826599999999978 1.0000000000000004;
	setAttr ".radi" 0.5;
createNode joint -n "r_finger3_tip" -p "r_finger3";
	rename -uid "68F8FCEE-4652-0B12-5F9E-D8A8CED4B2CC";
	addAttr -ci true -sn "liw" -ln "lockInfluenceWeights" -min 0 -max 1 -at "bool";
	setAttr ".uoc" 1;
	setAttr ".oc" 7;
	setAttr ".t" -type "double3" -0.022153620254314887 3.3093679800755238 -1.9964559287308046 ;
	setAttr ".dla" yes;
	setAttr ".jo" -type "double3" -9.6046251724703042e-16 -42.673767156355837 -167.93600316851646 ;
	setAttr ".bps" -type "matrix" 0.99999999999999978 -9.9920072216264089e-16 5.3845816694320092e-15 0
		 -1.1104276867860182e-15 -0.99999999999999989 -2.1734348006281654e-15 2.8554874404772227e-17
		 5.1621282223646134e-15 1.9227423334722148e-15 -1 -1.7718278957787081e-18 -6.5804999999999918 3.2409100000000022 -0.86896200000002832 1.0000000000000002;
	setAttr ".radi" 0.5;
createNode orientConstraint -n "r_wing_orientConstraint1" -p "r_wing";
	rename -uid "58FF2A95-4D15-C678-F35B-1AB61C8BB3FD";
	addAttr -dcb 0 -ci true -k true -sn "w0" -ln "RWing_elbow_CNTRLW0" -dv 1 -min 0 
		-at "double";
	setAttr -k on ".nds";
	setAttr -k off ".v";
	setAttr -k off ".tx";
	setAttr -k off ".ty";
	setAttr -k off ".tz";
	setAttr -k off ".rx";
	setAttr -k off ".ry";
	setAttr -k off ".rz";
	setAttr -k off ".sx";
	setAttr -k off ".sy";
	setAttr -k off ".sz";
	setAttr ".erp" yes;
	setAttr ".lr" -type "double3" 2.2263882770244617e-14 -4.4229588539102042e-15 7.1562480332929119e-15 ;
	setAttr ".rsrr" -type "double3" 2.2263882770244617e-14 -4.4229588539102042e-15 7.1562480332929119e-15 ;
	setAttr -k on ".w0";
createNode orientConstraint -n "r_shoulder_orientConstraint1" -p "r_shoulder";
	rename -uid "6C5B1B30-4BD1-3CA8-E367-CBBDF25A80D8";
	addAttr -dcb 0 -ci true -k true -sn "w0" -ln "RWing_Shoulder_CNTRLW0" -dv 1 -min 
		0 -at "double";
	setAttr -k on ".nds";
	setAttr -k off ".v";
	setAttr -k off ".tx";
	setAttr -k off ".ty";
	setAttr -k off ".tz";
	setAttr -k off ".rx";
	setAttr -k off ".ry";
	setAttr -k off ".rz";
	setAttr -k off ".sx";
	setAttr -k off ".sy";
	setAttr -k off ".sz";
	setAttr ".erp" yes;
	setAttr ".lr" -type "double3" 2.8624992133171648e-14 -1.0336802714756432e-14 1.4312496066585821e-14 ;
	setAttr ".rsrr" -type "double3" 2.8624992133171648e-14 -1.0336802714756432e-14 1.4312496066585821e-14 ;
	setAttr -k on ".w0";
createNode joint -n "butt" -p "spine1";
	rename -uid "16267CC8-47CC-3D8D-2FB8-7BA0A59B1A5B";
	addAttr -ci true -sn "liw" -ln "lockInfluenceWeights" -min 0 -max 1 -at "bool";
	setAttr ".uoc" 1;
	setAttr ".oc" 2;
	setAttr ".t" -type "double3" 0.44826838005523301 1.1585584349478042 0.15964600536801024 ;
	setAttr ".jo" -type "double3" -179.97098374954439 -5.1764806809153967 111.76474877117197 ;
	setAttr ".bps" -type "matrix" 0.027022459933107871 0.0055900538151321105 -0.99961919647309039 0
		 -0.00015105936546772481 0.99998437552710961 0.0055880124126722608 0 0.99963481524016096 1.5795246284726462e-15 0.027022882151397587 0
		 8.8311007076595651e-17 3.0981856809799919 -1.5771914909366409 1;
	setAttr ".radi" 0.5;
createNode joint -n "tail1" -p "butt";
	rename -uid "203B59C1-44C1-9C90-5DF0-559D2ABCA4CD";
	addAttr -ci true -sn "liw" -ln "lockInfluenceWeights" -min 0 -max 1 -at "bool";
	setAttr ".uoc" 1;
	setAttr ".oc" 3;
	setAttr ".t" -type "double3" 1.9453706335444658 -1.4259426972529354e-15 -4.2327252813834093e-16 ;
	setAttr ".dla" yes;
	setAttr ".jo" -type "double3" 0 -88.451514403409234 -0.32028815897448404 ;
	setAttr ".bps" -type "matrix" 0.99999999999999933 -4.4586724214531836e-17 5.2041704279304213e-16 0
		 1.9741032697417306e-16 1 -6.0409609982612167e-14 5.5511151231257827e-17 -4.3888503942213219e-16 5.9952043329758453e-14 0.99999999999999911 0
		 0.052568699999999663 3.1090604075118828 -3.5218213204827071 1;
	setAttr ".radi" 0.5;
createNode joint -n "tail2" -p "butt";
	rename -uid "3F1B36CC-4F62-5295-E44C-E48204A8C834";
	addAttr -ci true -sn "liw" -ln "lockInfluenceWeights" -min 0 -max 1 -at "bool";
	setAttr ".uoc" 1;
	setAttr ".oc" 3;
	setAttr ".t" -type "double3" 1.6642864164470421 -0.74796926231596861 0.0074853327616356546 ;
	setAttr ".dla" yes;
	setAttr ".jo" -type "double3" 0 -88.451514403409234 -0.32028815897448404 ;
	setAttr ".bps" -type "matrix" 0.99999999999999933 -4.4586724214531787e-17 5.2041704279304203e-16 0
		 1.9403622042445665e-16 0.99999999999999944 -6.0161342029584623e-14 5.5511151231254672e-17
		 -4.3715031594615539e-16 5.9841021027295938e-14 0.99999999999999922 0 0.052568699999999545 2.3595315559212171 -3.2448215275035479 0.99999999999999978;
	setAttr ".radi" 0.4;
createNode joint -n "tail3" -p "butt";
	rename -uid "86CA9A52-4E23-FB2E-F02C-048D324C204C";
	addAttr -ci true -sn "liw" -ln "lockInfluenceWeights" -min 0 -max 1 -at "bool";
	setAttr ".uoc" 1;
	setAttr ".oc" 3;
	setAttr ".t" -type "double3" 1.5739867475961808 -1.3612187033528484 0.0098336724515600618 ;
	setAttr ".dla" yes;
	setAttr ".jo" -type "double3" 0 -88.451514403409234 -0.32028815897448404 ;
	setAttr ".bps" -type "matrix" 0.99999999999999933 -4.4586724214531836e-17 5.2041704279304223e-16 0
		 1.8142268798370131e-16 0.999999999999999 -5.9251316936372268e-14 0 -4.4408920985006262e-16 5.9841021027295938e-14 0.99999999999999944 0
		 0.05256869999999942 1.7457869165752387 -3.1579196316669504 1;
	setAttr ".radi" 0.3;
createNode joint -n "pelvis" -p "root";
	rename -uid "40B74E50-4895-8AC4-2032-22B8ADD0D263";
	addAttr -ci true -sn "liw" -ln "lockInfluenceWeights" -min 0 -max 1 -at "bool";
	setAttr ".uoc" 1;
	setAttr ".oc" 1;
	setAttr ".t" -type "double3" 2.4014706605851482e-06 1.0587911840678754e-22 -7.411538288475128e-22 ;
	setAttr ".r" -type "double3" -1.2872582962027032e-14 5.5522473931325634e-15 -6.3717681358253796e-16 ;
	setAttr ".jo" -type "double3" 93.01389344823626 -13.838394180418103 -170.3785159578936 ;
	setAttr ".bps" -type "matrix" 0.23662323082654807 -0.9708972349914099 0.036986561333005596 0
		 0.95924938124237202 0.23949646988219714 0.14994020641606443 0 -0.15443468269573407 3.9285156233923742e-16 0.98800300039051858 0
		 0.052568700000000045 2.2471899999999998 -0.65973199999999987 1;
	setAttr ".radi" 0.3;
createNode joint -n "l_leg" -p "pelvis";
	rename -uid "16DFC780-49AD-3245-9323-CD881717E4EC";
	addAttr -ci true -sn "liw" -ln "lockInfluenceWeights" -min 0 -max 1 -at "bool";
	setAttr ".uoc" 1;
	setAttr ".oc" 2;
	setAttr ".t" -type "double3" 1.1747766310874792 1.5612511283791264e-17 -2.3592239273284576e-16 ;
	setAttr ".dla" yes;
	setAttr ".jo" -type "double3" 0 0 -13.856823522862999 ;
	setAttr ".bps" -type "matrix" -5.5511151231257827e-17 -0.99999999999999933 0 1.1102230246251565e-16
		 0.9880030003905188 1.6653345369377351e-16 0.15443468269573449 -2.4651903288156619e-32
		 -0.1544346826957341 3.9707992252357141e-16 0.98800300039051847 -4.9303806576313238e-32
		 0.33054814194744719 1.1066026171446426 -0.61628105208170103 0.99999999999999989;
	setAttr ".radi" 0.3;
createNode joint -n "l_foot" -p "l_leg";
	rename -uid "A5639EA7-42C3-CC27-6651-30827A58A2F9";
	addAttr -ci true -sn "liw" -ln "lockInfluenceWeights" -min 0 -max 1 -at "bool";
	setAttr ".uoc" 1;
	setAttr ".oc" 3;
	setAttr ".t" -type "double3" 1.0591168555085464 -1.0654679393101354e-16 -1.105927624620274e-16 ;
	setAttr ".dla" yes;
	setAttr ".jo" -type "double3" 4.7035689539942309 -65.790219915951155 84.845198360266522 ;
	setAttr ".bps" -type "matrix" 0.26266820392956758 -0.036844317711589573 0.96418250912199299 0
		 0.0096844062995751889 0.99932101761764536 0.035548783695892247 0 -0.96483761686567715 3.4288095690852914e-16 0.26284667218924407 0
		 0.33054814194744703 0.047485761636097086 -0.61628105208170136 1;
	setAttr ".radi" 0.3;
createNode joint -n "l_phalanges" -p "l_foot";
	rename -uid "C4B6F155-48BF-C562-BDB3-B6B89D5A0D9E";
	addAttr -ci true -sn "liw" -ln "lockInfluenceWeights" -min 0 -max 1 -at "bool";
	setAttr ".uoc" 1;
	setAttr ".oc" 4;
	setAttr ".t" -type "double3" 1.1793120518182612 -3.0531133177191805e-16 2.2204460492503131e-16 ;
	setAttr ".dla" yes;
	setAttr ".jo" -type "double3" 0 4.6262549904999375 2.1115018163931483 ;
	setAttr ".bps" -type "matrix" 0.33980995408944192 -9.2281144798642173e-16 0.9404941228427377 0
		 8.5868812060851951e-16 0.99999999999999933 1.1587952819525069e-15 0 -0.94049412284273781 2.6981912641087672e-16 0.33980995408944142 0
		 0.64031592047104258 0.0040348137177981733 0.52079100107823528 1;
	setAttr ".radi" 0.3;
createNode joint -n "l_tips_of_toes" -p "l_phalanges";
	rename -uid "B7634021-4FCC-58FB-E7BC-39A1E29DCA81";
	addAttr -ci true -sn "liw" -ln "lockInfluenceWeights" -min 0 -max 1 -at "bool";
	setAttr ".uoc" 1;
	setAttr ".oc" 5;
	setAttr ".t" -type "double3" 0.99704349363310973 3.0824782898846124e-16 -6.106226635438361e-16 ;
	setAttr ".dla" yes;
	setAttr ".jo" -type "double3" 0 70.134704126875477 0 ;
	setAttr ".bps" -type "matrix" 0.99999999999999978 -5.6734381839346856e-16 1.1102230246251564e-16 -1.2325951644078309e-32
		 8.5868812060851961e-16 0.99999999999999933 1.1587952819525071e-15 -9.8607613152626476e-32
		 2.2204460492503131e-16 -7.7672243636861538e-16 0.99999999999999933 -1.1102230246251565e-16
		 0.97912122426768688 0.0040348137177975609 1.458504547058765 0.99999999999999989;
	setAttr ".radi" 0.3;
createNode joint -n "r_leg" -p "pelvis";
	rename -uid "0ABBF8C7-475B-A289-F9E5-299F2E39E6D5";
	addAttr -ci true -sn "liw" -ln "lockInfluenceWeights" -min 0 -max 1 -at "bool";
	setAttr ".uoc" 1;
	setAttr ".oc" 2;
	setAttr ".t" -type "double3" 1.0194737390187893 -0.6295949402280151 0.10136180485393928 ;
	setAttr ".r" -type "double3" -5.832860657242254e-07 6.9010619772679273e-08 -6.1963244211575427e-07 ;
	setAttr ".dla" yes;
	setAttr ".jo" -type "double3" 0 0 -13.856823522862998 ;
	setAttr ".bps" -type "matrix" -1.1102230246251565e-16 -0.99999999999999933 1.1102230246251565e-16 1.1102230246251565e-16
		 0.98800300039051869 1.9428902930940242e-16 0.15443468269573457 -2.4651903288156619e-32
		 -0.15443468269573407 3.9707992252357166e-16 0.98800300039051936 -4.9303806576313238e-32
		 -0.32579246514768972 1.1066000000000014 -0.61628100000000108 0.99999999999999989;
	setAttr ".radi" 0.3;
createNode joint -n "r_foot" -p "r_leg";
	rename -uid "3D18F49E-4098-9930-F441-2F8CA48F4AA5";
	addAttr -ci true -sn "liw" -ln "lockInfluenceWeights" -min 0 -max 1 -at "bool";
	setAttr ".uoc" 1;
	setAttr ".oc" 3;
	setAttr ".t" -type "double3" 1.0591141999999998 -2.2087832354345335e-16 -2.2579165878911083e-17 ;
	setAttr ".dla" yes;
	setAttr ".jo" -type "double3" 161.69485491128845 -83.304726166810113 -71.577621297025715 ;
	setAttr ".bps" -type "matrix" -0.26266838984452862 -0.036844353130247642 0.96418245712048467 0
		 -0.0096844224764780669 0.99932101631178183 0.03554881599833512 0 -0.96483756608963922 -1.7344757714011056e-15 -0.26284685857400009 0
		 -0.32579246514768989 0.047485800000001584 -0.61628100000000097 1;
	setAttr ".radi" 0.3;
createNode joint -n "r_phalanges" -p "r_foot";
	rename -uid "486A7AD3-4183-6D41-CAB7-15BCAB344E5B";
	addAttr -ci true -sn "liw" -ln "lockInfluenceWeights" -min 0 -max 1 -at "bool";
	setAttr ".uoc" 1;
	setAttr ".oc" 4;
	setAttr ".t" -type "double3" 1.179312060287683 -6.8695049648681561e-16 1.1102230246251565e-16 ;
	setAttr ".dla" yes;
	setAttr ".jo" -type "double3" 0 -4.6263162747598159 2.1115038471115941 ;
	setAttr ".bps" -type "matrix" -0.33981114173522714 -1.0490029975192251e-15 0.94049369373356284 0
		 -1.6011497683265931e-15 0.99999999999999933 6.6613381477509383e-16 0 -0.94049369373356273 -1.6556000293086357e-15 -0.33981114173522753 0
		 -0.63556046514768927 0.0040348100000016096 0.52079099999999867 1;
	setAttr ".radi" 0.3;
createNode joint -n "r_tips_of_toes" -p "r_phalanges";
	rename -uid "CEC9B704-4C7A-EE16-A359-DAA0666F2447";
	addAttr -ci true -sn "liw" -ln "lockInfluenceWeights" -min 0 -max 1 -at "bool";
	setAttr ".uoc" 1;
	setAttr ".oc" 5;
	setAttr ".t" -type "double3" 0.9970391149328095 6.1313117280213447e-16 1.3877787807814457e-15 ;
	setAttr ".dla" yes;
	setAttr ".jo" -type "double3" 0 70.134631774369524 -179.99999999999997 ;
	setAttr ".bps" -type "matrix" 0.99999999999999978 1.7210229690450483e-15 5.5511151231257827e-17 0
		 1.408628444191083e-15 -0.99999999999999933 -1.3329345429108141e-16 0 -3.3306690738754696e-16 -1.0798653637955624e-16 -0.99999999999999989 0
		 -0.9743654651476894 0.0040348100000011759 1.4584999999999984 1;
	setAttr ".radi" 0.3;
createNode ikEffector -n "effector1" -p "r_foot";
	rename -uid "851D9AA2-4435-BF2F-BC90-31919A80A7F1";
	setAttr ".v" no;
	setAttr ".hd" yes;
createNode transform -n "RWing_Shoulder_GRP";
	rename -uid "6C5BEC51-4488-6454-048C-D5BB65753401";
